inherited Form1_Surface: TForm1_Surface
  ClientHeight = 1920
  ClientWidth = 1080
  DesignerMasterStyle = 3
  inherited MenuBar: TMenuBar
    Margins.Left = 5.000000000000000000
    Margins.Top = 5.000000000000000000
    Margins.Right = 5.000000000000000000
    Margins.Bottom = 5.000000000000000000
    Position.X = 5.000000000000000000
    Position.Y = 5.000000000000000000
    Size.Width = 1070.000000000000000000
  end
  inherited PnlRodape: TPanel
    Position.Y = 1880.000000000000000000
    Size.Width = 1080.000000000000000000
  end
  inherited ltLogin: TLayout
    Position.Y = 1696.000000000000000000
    Size.Width = 1080.000000000000000000
  end
  inherited ltLogo: TLayout
    Size.Width = 1080.000000000000000000
    Size.Height = 1636.000000000000000000
    inherited Label1: TLabel
      Size.Width = 1080.000000000000000000
      TextSettings.Font.StyleExt = {00070000000000000004000000}
    end
  end
end
