inherited Form1_LgXhdpiTb: TForm1_LgXhdpiTb
  ClientHeight = 829
  ClientWidth = 480
  DesignerMasterStyle = 3
  inherited MenuBar: TMenuBar
    Margins.Left = 5.000000000000000000
    Margins.Top = 5.000000000000000000
    Margins.Right = 5.000000000000000000
    Margins.Bottom = 5.000000000000000000
    Position.X = 5.000000000000000000
    Position.Y = 5.000000000000000000
    Size.Width = 470.000000000000000000
  end
  inherited PnlRodape: TPanel
    Position.Y = 789.000000000000000000
    Size.Width = 480.000000000000000000
  end
  inherited ltLogin: TLayout
    Position.Y = 605.000000000000000000
    Size.Width = 480.000000000000000000
  end
  inherited ltLogo: TLayout
    Size.Width = 480.000000000000000000
    Size.Height = 545.000000000000000000
    inherited Label1: TLabel
      Size.Width = 480.000000000000000000
      TextSettings.Font.StyleExt = {00070000000000000004000000}
    end
  end
end
